# chrom1	start1	end1	chrom2	start2	end2	name	score	strand1	strand2	num_concordantfrag_bp1	num_concordantfrag_bp2
1	247156405	247159069	1	247159685	247159813	.	411	-	+	420	197
1	247155565	247159069	1	247159685	247159813	.	411	-	+	110	197
1	247159005	247159069	1	247159685	247159813	.	411	-	+	732	197
1	247156405	247159069	1	247159685	247159867	.	411	-	+	420	93
X	131749307	131755746	X	131794296	131794466	.	197	-	+	141	67
X	131743095	131755746	X	131794296	131794466	.	197	-	+	78	67
X	131692437	131755746	X	131794296	131794466	.	197	-	+	15	67
21	8440364	8440626	21	8440626	8440803	.	185	-	+	1262	1033
21	8440249	8440626	21	8440626	8440803	.	185	-	+	1234	1033
21	15014343	15014505	21	15043493	15043574	.	176	-	+	590	593
4	143543508	143543659	4	143543801	143543972	.	171	-	+	661	628
MT	0	415	MT	15693	16569	.	121	-	+	218	0
14	99458280	99458536	14	99461190	99465813	.	116	-	+	252	111
1	117402185	117402446	1	117405546	117420649	.	116	-	+	131	108
1	117402185	117402446	1	117405546	117442325	.	116	-	+	131	52
1	117402185	117402446	1	117405546	117405645	.	116	-	+	131	240
10	7276891	7276992	10	7285865	7285954	.	107	-	+	183	66
10	7243557	7276992	10	7285865	7285954	.	107	-	+	102	66
2	214767483	214769314	2	214780558	214781509	.	93	-	+	251	191
2	214752446	214769314	2	214780558	214781509	.	93	-	+	160	191
2	214767483	214769314	2	214780558	214797117	.	93	-	+	251	129
2	214767483	214769314	2	214780558	214792445	.	93	-	+	251	132
2	214745066	214769314	2	214780558	214781509	.	93	-	+	119	191
4	1900625	1901251	4	1904213	1904378	.	83	-	+	144	502
4	1900625	1901251	4	1904213	1935262	.	83	-	+	144	333
4	1900625	1901251	4	1904213	1939778	.	83	-	+	144	244
4	1900625	1901251	4	1904213	1930770	.	83	-	+	144	359
4	1900625	1901251	4	1904213	1918623	.	83	-	+	144	387
7	158759485	158760147	7	158764675	158764853	.	82	-	+	568	519
19	23358430	23358865	19	23362270	23362725	.	80	-	+	89	77
7	155672866	155672915	7	155680587	155680908	.	80	-	+	67	57
7	155665174	155672915	7	155680587	155680908	.	80	-	+	39	57
14	32090501	32091268	14	32093805	32094386	.	76	-	+	45	121
14	32090501	32091268	14	32093805	32117287	.	76	-	+	45	87
7	100023418	100023986	7	100024155	100024307	.	74	-	+	97	88
16	47497398	47497488	16	47515520	47515601	.	72	-	+	149	165
16	47497398	47497488	16	47515520	47547548	.	72	-	+	149	144
16	47463898	47497488	16	47515520	47515601	.	72	-	+	124	165
15	25405460	25405588	15	25411907	25411971	.	71	-	+	214	148
15	25405460	25405588	15	25411907	25415842	.	71	-	+	214	119
18	12999420	12999591	18	13019081	13019206	.	68	-	+	78	184
18	12999420	12999591	18	13019081	13030608	.	68	-	+	78	118
18	12999420	12999591	18	13019081	13042334	.	68	-	+	78	108
5	158317364	158317456	5	158318069	158323197	.	64	-	+	248	158
5	158317364	158317456	5	158318069	158318145	.	64	-	+	248	248
5	158317364	158317456	5	158318069	158359646	.	64	-	+	248	136
3	18378169	18415236	3	18420755	18420991	.	63	-	+	220	187
3	18415110	18415236	3	18420755	18420991	.	63	-	+	342	187
3	18386398	18415236	3	18420755	18420991	.	63	-	+	288	187
13	32517856	32518003	13	32522180	32527532	.	61	-	+	182	166
9	135881632	135881792	9	135882815	135883078	.	61	-	+	147	143
4	76134174	76134364	4	76144148	76144473	.	60	-	+	350	232
4	76130655	76134364	4	76144148	76144473	.	60	-	+	290	232
4	76124648	76134364	4	76144148	76144473	.	60	-	+	324	232
3	138570317	138570526	3	138571265	138571356	.	59	-	+	214	282
3	138570317	138570526	3	138571265	138572932	.	59	-	+	214	228
10	68468122	68468307	10	68469980	68470163	.	58	-	+	172	139
10	68459103	68468307	10	68469980	68470163	.	58	-	+	162	139
18	32111753	32111919	18	32113745	32113860	.	58	-	+	377	364
20	32366383	32366513	20	32369013	32369123	.	54	-	+	87	63
20	32366383	32366513	20	32369013	32371874	.	54	-	+	87	36
15	41668827	41669281	15	41669281	41669958	.	52	-	+	96	148
6	158312050	158312443	6	158312713	158314268	.	52	-	+	55	15
6	158282262	158312443	6	158312713	158314268	.	52	-	+	11	15
10	101667885	101673048	10	101673486	101676436	.	50	-	+	54	29
10	101672914	101673048	10	101673486	101676436	.	50	-	+	67	29
1	35358924	35359340	1	35361618	35361789	.	50	-	+	134	145
12	120154969	120155038	12	120155591	120155719	.	49	-	+	163	158
22	41808874	41808992	22	41809878	41810291	.	45	-	+	72	64
22	41808874	41808992	22	41809878	41813822	.	45	-	+	72	36
22	41808874	41808992	22	41809878	41810000	.	45	-	+	72	91
4	22401430	22401558	4	22402674	22402799	.	45	-	+	263	231
16	90057864	90061519	21	35048841	35049349	.	45	+	-	71	93
9	37002647	37015196	9	37020635	37020801	.	45	-	+	375	264
9	36966548	37015196	9	37020635	37020801	.	45	-	+	332	264
9	37006472	37015196	9	37020635	37020801	.	45	-	+	445	264
9	36882003	37015196	9	37020635	37020801	.	45	-	+	198	264
4	152411302	152411872	4	152412479	152412529	.	44	-	+	42	32
21	15762890	15762998	21	15765995	15766141	.	42	-	+	58	140
5	137985256	137985389	5	137988254	137988315	.	40	-	+	84	72
5	123545416	123545845	5	123557493	123557564	.	39	-	+	26	50
1	177573727	177573786	1	177576710	177576950	.	39	-	+	100	74
1	177556485	177573786	1	177576710	177576950	.	39	-	+	77	74
4	112562370	112562535	4	112585539	112585725	.	38	-	+	97	72
4	112562370	112562535	4	112585539	112589874	.	38	-	+	97	73
21	29321220	29326767	21	29329486	29329693	.	38	-	+	73	82
21	29326058	29326767	21	29329486	29329693	.	38	-	+	106	82
17	46170854	46171634	17	46171726	46172232	.	38	-	+	81	43
6	47283937	47284453	6	47286084	47286595	.	38	-	+	54	46
16	53141178	53154543	16	53155923	53157541	.	37	-	+	76	77
16	53154446	53154543	16	53155923	53157541	.	37	-	+	114	77
4	128992166	128997940	4	129003739	129003876	.	37	-	+	51	42
4	128997873	128997940	4	129003739	129003876	.	37	-	+	78	42
21	8396070	8396334	21	8440626	8440805	.	35	-	+	1178	1033
21	8396143	8396334	21	8440626	8440803	.	35	-	+	1180	1033
4	55411613	55411839	4	55417802	55417985	.	35	-	+	109	262
16	68121986	68122424	16	68122825	68123121	.	35	-	+	56	111
16	68121986	68122424	16	68122825	68126610	.	35	-	+	56	49
12	50427761	50427913	12	50428933	50430570	.	34	-	+	131	168
12	50427761	50427913	12	50428933	50441643	.	34	-	+	131	158
12	50427761	50427913	12	50428933	50429090	.	34	-	+	131	165
6	87215902	87216057	6	87218593	87218731	.	33	-	+	110	96
6	87210450	87216057	6	87218593	87218731	.	33	-	+	76	96
19	18537600	18537775	19	18538215	18538436	.	33	-	+	238	293
2	168161786	168161844	2	168167296	168182090	.	32	-	+	261	59
2	168161786	168161844	2	168167296	168167407	.	32	-	+	261	141
8	140864311	140879638	8	140890484	140890769	.	32	-	+	189	82
8	140846259	140879638	8	140890484	140890769	.	32	-	+	117	82
8	140879470	140879638	8	140890484	140890769	.	32	-	+	141	82
6	79042842	79060576	6	79060666	79060818	.	31	-	+	112	82
6	79060477	79060576	6	79060666	79060818	.	31	-	+	128	82
8	18799294	18804602	8	18804703	18804898	.	31	-	+	54	16
8	18765448	18804602	8	18804703	18804898	.	31	-	+	50	16
10	110964124	110965069	10	110985627	110985765	.	30	-	+	74	159
2	45697940	45698013	2	45701381	45701491	.	30	-	+	36	53
18	24064139	24064188	18	24069156	24069271	.	29	-	+	44	82
18	24064139	24064188	18	24069156	24083081	.	29	-	+	44	47
3	196391812	196391925	3	196402951	196403019	.	29	-	+	100	73
11	61437624	61437875	11	61437993	61438113	.	29	-	+	197	230
1	9931890	9931974	1	9934761	9934860	.	28	-	+	201	261
14	21503172	21503578	14	21503663	21503881	.	28	-	+	116	84
16	18841564	18841803	16	18845428	18845651	.	28	-	+	132	102
16	18834891	18841803	16	18845428	18845651	.	28	-	+	87	102
1	7777159	7777318	1	7777318	7778169	.	28	-	+	69	48
21	36338772	36338931	21	36344577	36344707	.	28	-	+	96	92
2	40428472	40429770	2	40429770	40430304	.	27	-	+	12	9
10	74838682	74842968	10	74842968	74843478	.	27	-	+	33	29
10	74842599	74842968	10	74842968	74843478	.	27	-	+	57	29
12	28305648	28305818	12	28307642	28307749	.	26	-	+	73	52
17	7499038	7499163	17	7499280	7499491	.	26	-	+	150	135
8	37765525	37765746	8	37766279	37766355	.	26	-	+	108	156
2	45546731	45546839	2	45553621	45553730	.	25	-	+	89	88
2	45546731	45546839	2	45553621	45562756	.	25	-	+	89	69
11	57491223	57491365	11	57491715	57491862	.	25	-	+	108	147
1	33294936	33295015	1	33295140	33295305	.	25	-	+	52	53
12	111552279	111552432	12	111555135	111555919	.	24	-	+	43	14
16	89561280	89561372	17	17383854	17384064	.	24	-	-	8202	2324
3	60011370	60011402	3	60014005	60014264	.	23	-	+	87	60
2	190659157	190659519	2	190659825	190673152	.	23	-	+	69	68
16	69370482	69370670	16	69372268	69372355	.	23	-	+	104	73
10	12081471	12081628	10	12084539	12091684	.	23	-	+	101	172
10	12081471	12081628	10	12084539	12084751	.	23	-	+	101	188
4	87046165	87046286	4	87046694	87047594	.	23	-	+	66	44
10	12081471	12081628	10	12118746	12120267	.	22	-	+	101	71
18	32042178	32042278	18	32045639	32066009	.	22	-	+	74	74
18	32042178	32042278	18	32045639	32045732	.	22	-	+	74	86
7	22291174	22308507	7	22315368	22318037	.	22	-	+	28	9
7	22308338	22308507	7	22315368	22318037	.	22	-	+	39	9
6	157036834	157036877	6	157084659	157084905	.	22	-	+	62	57
17	20204332	20204700	17	20205631	20205912	.	21	-	+	56	51
19	5604582	5604695	19	5604785	5604936	.	21	-	+	74	67
2	210104103	210104303	2	210154344	210154611	.	21	-	+	24	26
2	210098085	210104303	2	210154344	210154611	.	21	-	+	20	26
1	8541213	8541320	1	8557417	8557523	.	21	-	+	45	23
17	83035034	83035100	17	83048667	83048785	.	21	-	+	102	22
15	41696074	41696711	15	41699061	41699159	.	21	-	+	151	124
7	24623665	24623784	7	24668496	24668660	.	20	-	+	52	55
1	90937484	90938090	1	90940787	90982370	.	20	-	+	168	106
1	90937484	90938090	1	90940787	90941309	.	20	-	+	168	137
4	139125163	139125386	4	139139411	139139497	.	20	-	+	99	59
4	139116648	139125386	4	139139411	139139497	.	20	-	+	75	59
6	30650993	30651120	6	30651265	30651466	.	20	-	+	15	16
5	140440118	140440266	5	140445739	140445975	.	20	-	+	106	82
5	140440118	140440266	5	140445739	140449305	.	20	-	+	106	100
X	24172714	24172801	X	24179275	24179770	.	19	-	+	44	115
17	61776400	61776563	17	61780260	61780401	.	19	-	+	141	145
10	31908171	31908928	10	31910012	31910563	.	19	-	+	55	15
9	111386376	111386456	9	111391755	111391824	.	19	-	+	87	91
14	73147794	73147876	14	73147964	73148094	.	19	-	+	47	72
14	73147794	73147876	14	73147964	73173707	.	19	-	+	47	63
8	123077110	123077259	8	123084150	123084340	.	19	-	+	54	82
4	102304316	102304483	4	102315655	102315830	.	19	-	+	162	82
6	161048615	161048989	6	161049236	161049979	.	19	-	+	83	75
6	161034258	161048989	6	161049236	161049979	.	19	-	+	41	75
12	100282942	100283148	12	100298030	100298175	.	19	-	+	62	90
2	175970763	175979868	2	175995557	175995646	.	18	-	+	146	67
2	175979809	175979868	2	175995557	175995646	.	18	-	+	135	67
2	68490189	68502907	2	68513546	68545312	.	18	-	+	22	20
3	170359698	170360112	3	170360628	170361429	.	18	-	+	64	83
12	97492460	97493285	12	97560796	97561047	.	18	-	+	5	4
4	177353307	177353728	4	177360477	177360677	.	18	-	+	70	43
3	125313307	125313657	3	125331156	125331238	.	18	-	+	104	58
5	176943334	176943488	5	176955958	176958154	.	18	-	+	80	99
2	8908620	8943265	2	8958493	8958642	.	18	-	+	102	47
2	8943186	8943265	2	8958493	8958642	.	18	-	+	100	47
12	93574733	93678979	12	93854157	93854174	.	17	-	+	709	3
9	85618982	85619131	9	85632660	85633374	.	17	-	+	91	89
2	99169549	99169612	2	99171342	99171429	.	17	-	+	73	82
17	56848695	56848853	17	56856509	56856625	.	17	-	+	26	41
18	196636	196768	18	199201	199316	.	17	-	+	43	85
18	196636	196768	18	199201	204692	.	17	-	+	43	76
4	3314790	3316368	4	3317653	3343053	.	17	-	+	23	34
13	112516439	112516575	13	112527371	112527484	.	17	-	+	69	84
2	58221941	58222045	2	58231813	58232112	.	16	-	+	53	66
10	124038514	124042448	10	124045672	124046724	.	16	-	+	137	87
21	39206107	39206292	21	39211796	39212707	.	16	-	+	60	71
6	116689319	116689453	6	116692290	116692392	.	16	-	+	44	64
16	85633913	85634001	16	85634001	85634132	.	16	-	+	20	26
X	135545422	135545587	X	135549641	135549805	.	16	-	+	14	39
X	135545422	135545587	X	135549641	135556300	.	16	-	+	14	15
6	158583953	158584044	6	158589670	158589782	.	16	-	+	28	29
6	158580939	158584044	6	158589670	158589782	.	16	-	+	15	29
13	21374355	21374523	13	21374900	21375024	.	15	-	+	179	142
9	6880011	6888066	9	6893092	6893232	.	15	-	+	54	22
22	21700975	21703482	22	21710626	21710908	.	15	-	+	47	27
9	33351559	33351792	9	33352644	33352719	.	15	-	+	42	43
7	76099439	76099516	7	76100930	76101414	.	15	-	+	43	31
15	42827927	42828032	15	42829937	42840433	.	15	-	+	37	31
1	30992389	30992665	1	31006993	31007102	.	15	-	+	155	171
6	128409293	128409341	6	128411141	128411334	.	15	-	+	239	234
7	30550635	30550784	7	30561856	30562128	.	15	-	+	4	6
11	32927156	32927269	11	32935180	32935435	.	15	-	+	18	44
11	46076753	46076840	11	46092005	46092223	.	14	-	+	23	15
2	168129540	168140763	2	168167296	168182090	.	14	-	+	206	59
2	168138087	168140763	2	168167296	168182090	.	14	-	+	292	59
22	16637039	16637090	22	16638573	16638740	.	14	-	+	51	21
17	29684562	29684684	17	29702956	29703062	.	14	-	+	124	53
5	95755395	95755582	5	95755582	95763620	.	14	-	+	32	22
4	37631384	37631526	4	37634886	37638504	.	14	-	+	38	37
21	36247516	36247628	21	36248379	36248568	.	14	-	+	31	15
12	116230532	116230622	12	116237467	116237705	.	14	-	+	129	88
14	49669523	49669600	14	49674349	49674427	.	13	-	+	185	149
14	49663314	49669600	14	49674349	49674427	.	13	-	+	178	149
3	195959182	195959586	3	195959821	195960086	.	13	-	+	41	68
15	72760406	72760564	15	72774959	72775097	.	13	-	+	128	75
11	61366044	61366298	11	61367718	61367998	.	13	-	+	53	42
7	27629370	27629543	7	27649471	27649633	.	13	-	+	71	38
2	241140520	241140605	2	241140605	241140753	.	13	-	+	42	62
2	241140520	241140605	2	241140605	241143074	.	13	-	+	42	49
11	77683709	77683819	11	77693506	77693611	.	13	-	+	41	42
20	58438944	58439025	20	58440906	58441083	.	13	-	+	45	31
11	18291441	18292021	11	18292897	18292976	.	13	-	+	79	98
14	39179090	39179246	14	39179323	39179462	.	13	-	+	127	77
17	64171099	64171201	17	64177324	64188415	.	13	-	+	27	26
2	131038852	131039032	2	131041814	131043583	.	13	-	+	58	55
1	30992389	30992665	1	30995053	30995220	.	13	-	+	155	234
2	37316236	37316410	2	37316704	37317179	.	13	-	+	65	51
1	32948221	32948366	1	32949568	32949774	.	13	-	+	50	33
8	98706466	98706634	8	98707146	98707311	.	13	-	+	62	39
16	89418283	89418368	16	89431217	89431326	.	12	-	+	100	39
5	180261683	180261822	5	180280439	180280608	.	12	-	+	135	33
2	207976650	207976952	2	207977406	207977586	.	12	-	+	26	16
5	109713519	109713595	5	109716119	109716264	.	12	-	+	44	64
3	197104902	197105006	3	197119408	197119530	.	12	-	+	61	103
5	73074741	73074855	5	73077337	73077493	.	12	-	+	7	12
X	14843659	14850674	X	14859181	14859334	.	12	-	+	22	24
X	14850504	14850674	X	14859181	14859334	.	12	-	+	45	24
7	98190727	98191942	7	98194067	98194572	.	12	-	+	43	20
16	4332214	4332452	16	4333346	4333519	.	12	-	+	6	18
3	35679786	35679982	3	35690864	35691005	.	12	-	+	36	45
13	40633146	40633305	13	40645391	40645498	.	12	-	+	72	69
13	109400703	109400890	13	109402290	109402541	.	11	-	+	113	75
3	56592969	56593101	3	56593943	56594028	.	11	-	+	11	10
17	46082440	46082543	17	46094557	46094701	.	11	-	+	71	34
20	41092471	41092587	20	41100055	41101353	.	11	-	+	79	168
6	136694139	136694313	6	136698488	136698682	.	11	-	+	79	36
22	25908321	25908432	22	25950363	25950450	.	11	-	+	73	58
12	14423908	14424162	12	14425255	14425473	.	11	-	+	91	77
1	59321535	59340070	1	59346244	59378837	.	11	-	+	12	10
X	148661907	148662392	X	148662392	148662768	.	11	-	+	17	6
18	46890579	46891063	18	46903526	46903635	.	11	-	+	89	39
16	30728965	30729231	16	30729369	30729572	.	11	-	+	16	24
2	213310058	213310180	2	213340114	213350645	.	11	-	+	63	35
16	2557702	2557963	16	2566350	2566453	.	11	-	+	61	8
2	135631717	135631779	2	135638789	135639122	.	11	-	+	42	36
7	156826604	156826808	7	156836810	156836885	.	11	-	+	72	25
2	178535731	178535828	2	178542253	178542361	.	11	-	+	42	28
1	155438326	155439070	1	155459796	155459898	.	11	-	+	32	32
4	4237826	4237936	4	4246203	4246343	.	10	-	+	54	37
6	144487547	144487698	6	144493249	144493456	.	10	-	+	132	129
7	64543706	64543803	7	64544305	64544432	.	10	-	+	96	97
1	205616477	205616653	1	205623700	205623891	.	10	-	+	23	24
9	4823547	4823620	9	4833153	4833228	.	10	-	+	70	60
20	10556230	10556322	20	10560697	10560820	.	10	-	+	27	29
20	63775677	63775965	20	63790586	63790790	.	10	-	+	9	2
10	7276891	7276992	10	7381798	7381949	.	10	-	+	183	46
1	52493610	52493664	1	52509595	52509712	.	10	-	+	82	67
1	230954332	230954403	1	230961208	230961303	.	10	-	+	56	15
19	19640084	19640192	19	19640445	19640571	.	10	-	+	60	84
10	124940373	124940569	10	124942454	124943307	.	10	-	+	38	118
19	11513055	11513284	19	11513874	11514221	.	10	-	+	107	103
1	145281856	145616230	1	146052234	146156479	.	10	+	-	30	13
14	30877571	30877729	14	30880584	30880734	.	10	-	+	51	57
1	180984676	180984771	1	180993361	180993425	.	10	-	+	75	99
13	19851354	19851520	13	19851688	19852190	.	10	-	+	74	50
3	66243202	66243314	3	66263329	66263379	.	9	-	+	35	37
1	40189054	40190853	1	40202433	40202614	.	9	-	+	70	60
3	50065030	50065126	3	50066283	50066502	.	9	-	+	68	59
1	16201781	16201889	1	16202415	16202574	.	9	-	+	39	43
3	134175608	134188925	3	134195079	134195182	.	9	-	+	64	60
X	132281094	132281417	X	132282831	132283032	.	9	-	+	6	4
3	71041327	71041532	3	71053635	71053773	.	9	-	+	178	44
5	143662894	143662957	5	143672575	143672697	.	9	-	+	45	15
4	88419301	88419410	4	88419573	88420428	.	9	-	+	42	27
1	230134514	230134823	6	32580246	32580270	.	9	+	-	204	5349
11	121045673	121045823	11	121059968	121060085	.	9	-	+	27	21
12	95208842	95209177	12	95210537	95211267	.	9	-	+	23	11
2	63433744	63437554	2	63439756	63439871	.	9	-	+	33	24
10	92893348	92893521	10	92899426	92899644	.	9	-	+	64	64
4	73090666	73091060	4	73092005	73092300	.	9	-	+	111	89
5	74834425	74834597	5	74841544	74841679	.	9	-	+	53	24
4	77773080	77774717	4	77776268	77776392	.	9	-	+	62	19
10	87875404	87875517	10	87880299	87880438	.	9	-	+	349	385
10	68487143	68487212	10	68493448	68493570	.	9	-	+	59	44
7	130039463	130039547	7	130049032	130049144	.	9	-	+	92	80
5	165007368	165007417	5	165015432	165015583	.	9	-	+	45	35
17	45475099	45475495	17	45475564	45475726	.	9	-	+	27	29
7	131375423	131375493	7	131399238	131399433	.	9	-	+	52	77
2	61115978	61116070	2	61118026	61118116	.	9	-	+	33	19
1	92333390	92333475	1	92380723	92380873	.	9	-	+	99	50
13	77126317	77126542	13	77129155	77129230	.	9	-	+	161	111
5	94643272	94643435	5	94654626	94654752	.	9	-	+	28	33
13	60439687	60439772	13	60467235	60467379	.	9	-	+	18	22
15	74671454	74671776	15	74674959	74675142	.	9	-	+	42	30
4	4648976	4649110	4	4649368	4649542	.	9	-	+	6	9
14	75046375	75046598	14	75049309	75049718	.	9	-	+	64	17
7	677228	677322	7	711327	711527	.	9	-	+	63	31
14	103778744	103778823	14	103797370	103797518	.	9	-	+	39	19
2	226906792	226906882	2	226914207	226914351	.	9	-	+	40	21
17	76767385	76767453	17	76769695	76776541	.	9	-	+	66	57
17	75242335	75242911	17	75243446	75243570	.	9	-	+	53	60
13	30227411	30227547	13	30240989	30241086	.	9	-	+	40	42
X	47846104	47846323	X	47895843	47895940	.	8	-	+	17	11
3	4410864	4410978	3	4420063	4420146	.	8	-	+	24	30
18	13278104	13278188	18	13387338	13387762	.	8	-	+	39	26
5	154033790	154033889	5	154034743	154034967	.	8	-	+	53	40
12	1027747	1027918	12	1028310	1028572	.	8	-	+	21	22
6	90206568	90206685	6	90271848	90271941	.	8	-	+	119	70
6	116698703	116698798	6	116705069	116705160	.	8	-	+	66	47
15	60442415	60442545	15	60445692	60445791	.	8	-	+	112	111
16	87975047	87975207	16	87984057	87984259	.	8	-	+	78	61
7	122113117	122129539	7	122133515	122133741	.	8	-	+	45	41
7	127373341	127373787	7	127374305	127377329	.	8	-	+	92	57
17	28921687	28921808	17	28926990	28927063	.	8	-	+	46	46
3	15411244	15411469	3	15415771	15415942	.	8	-	+	23	79
7	100819556	100819889	7	100820156	100820296	.	8	-	+	185	152
12	111933885	111934056	12	111943259	111943369	.	8	-	+	59	62
3	32437954	32438087	3	32441786	32442013	.	8	-	+	178	378
2	189728659	189728821	2	189741341	189744788	.	8	-	+	2	6
2	121503166	121503234	2	121527798	121530325	.	8	-	+	95	49
2	99462495	99462623	2	99464920	99464985	.	8	-	+	74	50
9	19423861	19423976	9	19424698	19424841	.	8	-	+	17	33
8	144880364	144880693	8	144882520	144882836	.	8	-	+	21	63
9	112574056	112574255	9	112574976	112575251	.	8	-	+	12	11
4	102714437	102714563	4	102726588	102726683	.	8	-	+	34	28
20	32236452	32236686	20	32238077	32238282	.	8	-	+	60	16
1	43920403	43920550	1	43920780	43920928	.	8	-	+	28	33
4	38826684	38826899	4	38829181	38829537	.	8	-	+	23	9
8	8146708	8154363	8	8154363	8154530	.	8	-	+	16	0
22	28296197	28296330	22	28297577	28297852	.	8	-	+	29	37
10	84371013	84371281	10	84373618	84373815	.	8	-	+	10	21
10	84417770	84417861	10	84425730	84425893	.	8	-	+	27	30
8	141253988	141254192	8	141254192	141254629	.	7	-	+	13	7
5	81536528	81536641	5	81537241	81537392	.	7	-	+	348	350
4	145845955	145846016	4	145849321	145849561	.	7	-	+	15	22
9	98018288	98018490	9	98026379	98026451	.	7	-	+	7	3
X	65075473	65075671	X	65075841	65075912	.	7	-	+	14	14
4	185247293	185247378	4	185266966	185267155	.	7	-	+	9	31
5	115529517	115541043	5	115542833	115542901	.	7	-	+	40	40
5	36953617	36953809	5	36976106	36976402	.	7	-	+	40	45
7	66240324	66240605	7	66240944	66241270	.	7	-	+	23	22
4	105233896	105234103	4	105236910	105237351	.	7	-	+	38	18
5	65451474	65451620	5	65473890	65473952	.	7	-	+	6	5
3	121844452	121844548	3	121872534	121872788	.	7	-	+	44	54
7	33146241	33146364	7	33155637	33177591	.	7	-	+	12	2
7	140355667	140355765	7	140358639	140358785	.	7	-	+	20	26
8	70159504	70159652	8	70162710	70162854	.	7	-	+	79	75
17	49311311	49311456	17	49312697	49312845	.	7	-	+	13	27
22	38521607	38521724	22	38568205	38568289	.	7	-	+	31	19
22	28514756	28514823	22	28519244	28519320	.	7	-	+	35	33
16	98144	98301	16	100371	100509	.	7	-	+	39	36
12	28255580	28259443	12	28307642	28307749	.	7	-	+	47	52
22	42209650	42209957	22	42214931	42215341	.	7	-	+	72	6
10	84438511	84438707	10	84477574	84477664	.	7	-	+	36	20
20	47623910	47625483	20	47627919	47633636	.	7	-	+	86	76
17	44154555	44154665	17	44155285	44155411	.	7	-	+	25	33
14	49584111	49584304	14	49584945	49585265	.	7	-	+	8551	8555
11	119131534	119131646	11	119133094	119133219	.	7	-	+	49	59
14	58318541	58318621	14	58330000	58330169	.	7	-	+	23	13
14	80497468	80497584	14	80504911	80530886	.	7	-	+	23	11
1	41113282	41113526	1	41142876	41143112	.	7	-	+	65	67
15	42950261	42950363	15	42966152	42966286	.	7	-	+	51	55
15	32526812	32526981	15	32533211	32533368	.	7	-	+	22	5
7	17868406	17868491	7	17875668	17875790	.	6	-	+	43	91
10	115461940	115462035	10	115469169	115469329	.	6	-	+	20	11
6	156156560	156156696	6	156168335	156168494	.	6	-	+	53	56
7	23611170	23611262	7	23611262	23611553	.	6	-	+	14	16
11	14771936	14786669	11	14789104	14789242	.	6	-	+	32	36
15	49235850	49235942	15	49292324	49292537	.	6	-	+	93	54
12	122340752	122340920	12	122341230	122341697	.	6	-	+	53	48
6	108663454	108663665	6	108664727	108664889	.	6	-	+	36	20
12	111509548	111509621	12	111510384	111510582	.	6	-	+	23	19
2	180989881	180990805	2	180991667	180991871	.	6	-	+	103	100
4	48369848	48369997	4	48382894	48383784	.	6	-	+	24	71
11	120474559	120474635	11	120477446	120477526	.	6	-	+	50	32
12	11869423	11869581	12	11869668	11869969	.	6	-	+	30	7
14	80895717	80900031	14	80905954	80906081	.	6	-	+	25	33
2	95851693	95856055	2	95859855	95860074	.	6	-	+	24	28
1	77801330	77801508	1	77815107	77815231	.	6	-	+	31	26
3	183338799	183338919	3	183389695	183389779	.	6	-	+	23	16
19	23831596	23831662	19	23833254	23833521	.	6	-	+	32	35
19	21118430	21119583	19	21119815	21124435	.	6	-	+	87	85
3	113488944	113489066	3	113499482	113506605	.	6	-	+	48	38
19	1459338	1459590	19	1461337	1461469	.	6	-	+	13	13
1	12275824	12276182	1	12277872	12278038	.	6	-	+	22	26
18	56756582	56756913	18	56758862	56758953	.	6	-	+	44	39
X	155415574	155415648	X	155419418	155419562	.	6	-	+	6	8
3	47097954	47098082	3	47105992	47106120	.	6	-	+	53	41
21	36130635	36130826	21	36130826	36130929	.	6	-	+	49	47
19	57305754	57306017	19	57306219	57306986	.	6	-	+	35	37
6	7176654	7176773	6	7189155	7189322	.	6	-	+	41	15
5	177536357	177536586	5	177538904	177539147	.	6	-	+	39	37
17	4952794	4952890	17	4953749	4953845	.	6	-	+	27	25
19	53380721	53384056	19	53384967	53385027	.	6	-	+	72	48
3	195688532	195688797	3	195689293	195689438	.	6	-	+	21	35
17	36509061	36509135	17	36511246	36511455	.	6	-	+	61	74
14	71413947	71414014	14	71529310	71529370	.	5	-	+	22	21
11	64630401	64630573	11	64635361	64635452	.	5	-	+	35	21
7	101213581	101238805	7	101629728	101629742	.	4	-	+	35	1
9	5968018	5968163	9	5988343	5988545	.	4	-	+	40	35
5	158940114	158957844	5	158965085	159054144	.	3	-	+	156	310
1	194920557	194926324	1	194927435	194932199	.	2	-	+	22	12
1	155660581	155660753	1	155765735	155766459	.	1	-	+	137	219
1	153636570	153636653	6	32950062	32950867	.	1	+	+	130	421
22	28549903	28550132	22	28550154	28617967	.	1	-	+	23	42
1	197117788	197118030	19	49909345	49909884	.	1	+	-	184	186
5	126617564	126624632	5	126628439	126630517	.	1	+	+	79	1
15	49239218	49239369	15	49292324	49292537	.	1	-	+	123	54
11	9447416	9447850	14	49602367	49602468	.	1	+	-	101	306
12	46204300	46204418	12	46363923	46364005	.	1	-	+	384	469
13	42285260	42286037	13	42308126	42308472	.	1	-	+	22	33
